-0.7062167766119049 -0.2100000000000002 0.20999999999999974
-0.7054895987925429 -0.2100000000000002 0.2699999999999998
-0.703173786845211 -0.2100000000000002 0.32999999999999985
-0.6980310865724384 -0.2100000000000002 0.3899999999999999
-0.704346572674634 -0.2100000000000002 0.1499999999999999
-0.7062167766119049 -0.2100000000000002 0.20999999999999974
-0.7054895987925429 -0.2100000000000002 0.2699999999999998
-0.703173786845211 -0.2100000000000002 0.32999999999999985
-0.7023122871577717 -0.15000000000000013 0.09000000000000008
-0.7067759770055205 -0.15000000000000013 0.1499999999999999
-0.7097722756500165 -0.15000000000000013 0.20999999999999974
-0.7090698238288434 -0.15000000000000013 0.2699999999999998
-0.704673549481916 -0.15000000000000013 0.32999999999999985
-0.7001422117859195 -0.15000000000000013 0.3899999999999999
-0.7007870958868266 -0.09000000000000008 0.030000000000000027
-0.7055091106921013 -0.09000000000000008 0.09000000000000008
-0.7072768029490154 -0.09000000000000008 0.1499999999999999
-0.7093416061414001 -0.09000000000000008 0.20999999999999974
-0.7108700351886331 -0.09000000000000008 0.2699999999999998
-0.7064747503633704 -0.09000000000000008 0.32999999999999985
-0.7012994736021408 -0.09000000000000008 0.3899999999999999
-0.6900000000000002 0.030000000000000027 -0.10119073768820219
-0.702348978205003 0.030000000000000027 0.030000000000000027
-0.7039254723892869 0.030000000000000027 0.1499999999999999
-0.7063798705246634 0.030000000000000027 0.32999999999999985
-0.699535146471815 0.09000000000000008 0.030000000000000027
-0.7034802415794629 0.09000000000000008 0.09000000000000008
-0.7063388812401474 0.09000000000000008 0.1499999999999999
-0.708765200254315 0.09000000000000008 0.2699999999999998
-0.7062950629050357 0.09000000000000008 0.32999999999999985
-0.7012184300809285 0.09000000000000008 0.3899999999999999
-0.7108346773915313 0.1499999999999999 0.20999999999999974
-0.7090606589589378 0.1499999999999999 0.2699999999999998
-0.7049913347744381 0.1499999999999999 0.32999999999999985
-0.6992818328835556 0.1499999999999999 0.3899999999999999
-0.7060666765712084 0.20999999999999974 0.1499999999999999
-0.7069143292538866 0.20999999999999974 0.20999999999999974
-0.7056485232896301 0.20999999999999974 0.2699999999999998
-0.7019979652502123 0.20999999999999974 0.32999999999999985
-0.6985921132628339 0.2699999999999998 0.1499999999999999
-0.7001359871677516 0.2699999999999998 0.20999999999999974
-0.6998670873499586 0.2699999999999998 0.2699999999999998
-0.6260110711669123 -0.5700000000000001 0.3899999999999999
-0.6709218442710722 -0.44999999999999996 0.2699999999999998
-0.6746417296115506 -0.44999999999999996 0.32999999999999985
-0.6697749387847243 -0.44999999999999996 0.3899999999999999
-0.6697749387847243 -0.44999999999999996 0.3899999999999999
-0.6616455604531376 -0.44999999999999996 0.44999999999999996
-0.6373463692894482 -0.44999999999999996 0.5699999999999998
-0.6514508631704735 -0.3900000000000001 0.030000000000000027
-0.6695505405002021 -0.3900000000000001 0.09000000000000008
-0.6781032153573903 -0.3900000000000001 0.1499999999999999
-0.6829196314155949 -0.3900000000000001 0.20999999999999974
-0.6825362872361036 -0.3900000000000001 0.32999999999999985
-0.6809619582981576 -0.3900000000000001 0.3899999999999999
-0.6809619582981576 -0.3900000000000001 0.3899999999999999
-0.6762781432317659 -0.3900000000000001 0.44999999999999996
-0.6549039747336587 -0.3900000000000001 0.5699999999999998
-0.6471765805072506 -0.3300000000000003 -0.09000000000000008
-0.6826344351472902 -0.3300000000000003 0.09000000000000008
-0.6815195039278998 -0.3300000000000003 0.44999999999999996
-0.6635930787807304 -0.3300000000000003 0.5699999999999998
-0.646584840154006 -0.27000000000000024 -0.15000000000000013
-0.6900000000000002 -0.27000000000000024 -0.01239380213906438
-0.6857231219326086 -0.27000000000000024 0.030000000000000027
-0.6900000000000002 -0.27000000000000024 0.4893187111339253
-0.6613069525777069 -0.27000000000000024 0.5699999999999998
-0.6340351111855377 -0.2100000000000002 -0.2100000000000002
-0.6900000000000002 -0.2100000000000002 -0.06109532036258432
-0.6900000000000002 -0.2100000000000002 -0.023464130147392244
-0.6900000000000002 -0.2100000000000002 0.4981235258209199
-0.662398272051381 -0.2100000000000002 0.5699999999999998
-0.6340351111855377 -0.2100000000000002 -0.2100000000000002
-0.6900000000000002 -0.2100000000000002 -0.06109532036258432
-0.662398272051381 -0.2100000000000002 0.5699999999999998
-0.6451283410727235 -0.15000000000000013 -0.2100000000000002
-0.6451283410727235 -0.15000000000000013 -0.2100000000000002
-0.6900000000000002 -0.15000000000000013 0.5036889203205087
-0.6635572121014403 -0.15000000000000013 0.5699999999999998
-0.6570732585024631 -0.09000000000000008 -0.2100000000000002
-0.6900000000000002 -0.09000000000000008 -0.12078764663342834
-0.6900000000000002 -0.09000000000000008 0.49938956892986625
-0.66190683298768 -0.09000000000000008 0.5699999999999998
-0.6900000000000002 0.030000000000000027 -0.13585210844361661
-0.6604765437179234 0.09000000000000008 -0.2100000000000002
-0.6900000000000002 0.09000000000000008 -0.12907612131508855
-0.6632767477654622 0.09000000000000008 0.5699999999999998
-0.6504399958021435 0.1499999999999999 -0.2100000000000002
-0.6504399958021435 0.1499999999999999 -0.2100000000000002
-0.663674053412722 0.1499999999999999 0.5699999999999998
-0.6296763711509696 0.20999999999999974 -0.2100000000000002
-0.6554912331374734 0.20999999999999974 -0.15000000000000013
-0.6630848114914623 0.20999999999999974 0.5699999999999998
-0.6415025852414068 0.2699999999999998 -0.15000000000000013
-0.6619309650901847 0.2699999999999998 -0.09000000000000008
-0.6900000000000002 0.2699999999999998 0.49127227013914027
-0.6615360716118631 0.2699999999999998 0.5699999999999998
-0.6409536379778225 0.32999999999999985 -0.09000000000000008
-0.6900000000000002 0.32999999999999985 0.4855806435576873
-0.6595938224727261 0.32999999999999985 0.5699999999999998
-0.6532160348697267 0.3899999999999999 0.030000000000000027
-0.6688362237339505 0.3899999999999999 0.09000000000000008
-0.677885444504151 0.3899999999999999 0.44999999999999996
-0.6478265574256261 0.3899999999999999 0.5699999999999998
-0.6478265574256261 0.3899999999999999 0.5699999999999998
-0.6532160348697267 0.3899999999999999 0.030000000000000027
-0.6688362237339505 0.3899999999999999 0.09000000000000008
-0.6772518868233185 0.3899999999999999 0.1499999999999999
-0.6824286666470477 0.3899999999999999 0.20999999999999974
-0.6817015515422962 0.3899999999999999 0.3899999999999999
-0.677885444504151 0.3899999999999999 0.44999999999999996
-0.6478265574256261 0.3899999999999999 0.5699999999999998
-0.6580235046802762 0.44999999999999996 0.1499999999999999
-0.6638212331809286 0.44999999999999996 0.20999999999999974
-0.6715835889499941 0.44999999999999996 0.2699999999999998
-0.6753051629101273 0.44999999999999996 0.32999999999999985
-0.670620308192181 0.44999999999999996 0.3899999999999999
-0.670620308192181 0.44999999999999996 0.3899999999999999
-0.6644595612138153 0.44999999999999996 0.44999999999999996
-0.6354623336994537 0.44999999999999996 0.5699999999999998
-0.6256223302926104 0.5699999999999998 0.3899999999999999
-0.5700000000000001 -0.6900000000000002 0.22209963001817798
-0.5802038708644564 -0.6900000000000002 0.32999999999999985
-0.5782415401695784 -0.6900000000000002 0.3899999999999999
-0.5763035424261164 -0.6900000000000002 0.44999999999999996
-0.5731858288815384 -0.6900000000000002 0.5699999999999998
-0.6026140616841005 -0.5700000000000001 0.09000000000000008
-0.6171777734040731 -0.5700000000000001 0.1499999999999999
-0.6294741082891762 -0.5700000000000001 0.20999999999999974
-0.6331103013734599 -0.5700000000000001 0.2699999999999998
-0.6201354895211924 -0.5700000000000001 0.5699999999999998
-0.6201354895211924 -0.5700000000000001 0.5699999999999998
-0.5700000000000001 -0.5700000000000001 -0.02821019445923831
-0.6026140616841005 -0.5700000000000001 0.09000000000000008
-0.6201354895211924 -0.5700000000000001 0.5699999999999998
-0.5833188475548066 -0.44999999999999996 -0.15000000000000013
-0.6104406847198052 -0.44999999999999996 -0.09000000000000008
-0.6148303613284782 -0.44999999999999996 0.6899999999999997
-0.5700000000000001 -0.3900000000000001 -0.2393080364334655
-0.6095549018829164 -0.3900000000000001 -0.15000000000000013
-0.628583058227173 -0.3900000000000001 0.6899999999999997
-0.6090781509625082 -0.3300000000000003 -0.2100000000000002
-0.6090781509625082 -0.3300000000000003 -0.2100000000000002
-0.5700000000000001 -0.3300000000000003 0.8137710717354347
-0.6306547103026953 -0.27000000000000024 -0.2100000000000002
-0.6266886381103226 -0.27000000000000024 0.6899999999999997
-0.5700000000000001 -0.27000000000000024 0.812195984064978
-0.6193391319903585 -0.2100000000000002 -0.27000000000000024
-0.6265779848663212 -0.2100000000000002 0.6899999999999997
-0.5700000000000001 -0.2100000000000002 -0.3740412859639958
-0.6265779848663212 -0.2100000000000002 0.6899999999999997
-0.5700000000000001 -0.15000000000000013 -0.4111601880663543
-0.6270429719534354 -0.15000000000000013 0.6899999999999997
-0.5700000000000001 -0.09000000000000008 -0.4353743054779749
-0.6252990126391125 -0.09000000000000008 -0.3300000000000003
-0.6289208231616855 -0.09000000000000008 0.6899999999999997
-0.5700000000000001 0.030000000000000027 -0.44435992252358053
-0.6250367261632609 0.09000000000000008 -0.3300000000000003
-0.6278134667670717 0.09000000000000008 0.6899999999999997
-0.5700000000000001 0.1499999999999999 -0.41795382270967674
-0.6277723816270897 0.1499999999999999 0.6899999999999997
-0.5700000000000001 0.20999999999999974 -0.37698287515299644
-0.6266674472469989 0.20999999999999974 0.6899999999999997
-0.5700000000000001 0.20999999999999974 0.8089217903914212
-0.5700000000000001 0.2699999999999998 -0.32580234736215113
-0.6287024227441493 0.2699999999999998 0.6899999999999997
-0.5700000000000001 0.2699999999999998 0.8110151163907344
-0.5700000000000001 0.32999999999999985 -0.29656760897983475
-0.6302243228692204 0.32999999999999985 0.6899999999999997
-0.5700000000000001 0.3899999999999999 -0.24286463686559503
-0.5846702737422464 0.3899999999999999 -0.2100000000000002
-0.5700000000000001 0.3899999999999999 0.815838735114055
-0.5846702737422464 0.3899999999999999 -0.2100000000000002
-0.6107507644796127 0.3899999999999999 -0.15000000000000013
-0.6250331390447128 0.3899999999999999 0.6899999999999997
-0.6065676135066167 0.44999999999999996 -0.09000000000000008
-0.6444434366197981 0.44999999999999996 0.030000000000000027
-0.6092975208888486 0.44999999999999996 0.6899999999999997
-0.6092975208888486 0.44999999999999996 0.6899999999999997
-0.5700000000000001 0.5699999999999998 -0.017068115870597676
-0.5998347418114575 0.5699999999999998 0.09000000000000008
-0.6198468521194049 0.5699999999999998 0.5699999999999998
-0.5817679408670162 0.5699999999999998 0.6899999999999997
-0.5998347418114575 0.5699999999999998 0.09000000000000008
-0.6146609034571301 0.5699999999999998 0.1499999999999999
-0.6305484107430919 0.5699999999999998 0.20999999999999974
-0.6345000163130617 0.5699999999999998 0.2699999999999998
-0.6198468521194049 0.5699999999999998 0.5699999999999998
-0.6198468521194049 0.5699999999999998 0.5699999999999998
-0.5700000000000001 0.6899999999999997 0.22347729572248956
-0.5700000000000001 0.6899999999999997 0.20671715536687807
-0.5784248970325111 0.6899999999999997 0.3899999999999999
-0.5784248970325111 0.6899999999999997 0.3899999999999999
-0.576561292181345 0.6899999999999997 0.44999999999999996
-0.5700000000000001 0.6899999999999997 0.5749473568640006
-0.5067313806821592 -0.81 0.32999999999999985
-0.5061647511929727 -0.81 0.3899999999999999
-0.5061647511929727 -0.81 0.3899999999999999
-0.5073220430701214 -0.81 0.44999999999999996
-0.49695102453239454 -0.81 0.5699999999999998
-0.5571302190626121 -0.6900000000000002 0.1499999999999999
-0.5700000000000001 -0.6900000000000002 0.22068172784742748
-0.5700000000000001 -0.6900000000000002 0.22209963001817798
-0.5534191025274268 -0.6900000000000002 0.6899999999999997
-0.5150986925025635 -0.6900000000000002 0.030000000000000027
-0.5393387528333342 -0.6900000000000002 0.09000000000000008
-0.5534191025274268 -0.6900000000000002 0.6899999999999997
-0.5700000000000001 -0.5700000000000001 -0.04226284217922201
-0.5700000000000001 -0.5700000000000001 0.7694834834150199
-0.5472633654965998 -0.5700000000000001 0.8099999999999998
-0.4883402054164552 -0.5700000000000001 -0.2100000000000002
-0.5234194406500895 -0.5700000000000001 -0.15000000000000013
-0.5472633654965998 -0.5700000000000001 0.8099999999999998
-0.5700000000000001 -0.44999999999999996 -0.18258334519213265
-0.5700000000000001 -0.44999999999999996 -0.18258334519213265
-0.5700000000000001 -0.44999999999999996 0.7990101032695229
-0.5582624294697036 -0.3900000000000001 -0.27000000000000024
-0.5700000000000001 -0.3900000000000001 -0.2393080364334655
-0.5700000000000001 -0.3900000000000001 0.8101897397780464
-0.49531643629498917 -0.3900000000000001 0.9299999999999999
-0.5529156403592665 -0.3300000000000003 -0.3300000000000003
-0.5700000000000001 -0.3300000000000003 0.8137710717354347
-0.5700000000000001 -0.27000000000000024 -0.33397777265196615
-0.5700000000000001 -0.27000000000000024 0.812195984064978
-0.5700000000000001 -0.2100000000000002 -0.3744424416073513
-0.5283561989259307 -0.2100000000000002 -0.44999999999999996
-0.5700000000000001 -0.2100000000000002 -0.3744424416073513
-0.5700000000000001 -0.2100000000000002 0.8025069341457032
-0.5520917029995331 -0.15000000000000013 -0.44999999999999996
-0.5700000000000001 -0.15000000000000013 0.7879144894413092
-0.5700000000000001 -0.09000000000000008 -0.43814970557040794
-0.5700000000000001 -0.09000000000000008 0.7800728706598459
-0.49610305710606495 0.030000000000000027 -0.5700000000000001
-0.5700000000000001 0.09000000000000008 -0.4359171456723389
-0.5700000000000001 0.09000000000000008 0.7800711024223697
-0.5524760017149732 0.1499999999999999 -0.44999999999999996
-0.5700000000000001 0.1499999999999999 0.792377329607568
-0.5278114587499594 0.20999999999999974 -0.44999999999999996
-0.5700000000000001 0.20999999999999974 0.8089217903914212
-0.5453550757072653 0.2699999999999998 -0.3900000000000001
-0.5700000000000001 0.32999999999999985 0.8156183695148586
-0.5700000000000001 0.3899999999999999 -0.24285601847522326
-0.5700000000000001 0.3899999999999999 -0.24285601847522326
-0.4949913118627256 0.3899999999999999 0.9299999999999999
-0.5700000000000001 0.44999999999999996 -0.18442035153482128
-0.5700000000000001 0.44999999999999996 0.7997386630737725
-0.48686403890258206 0.5699999999999998 -0.2100000000000002
-0.5215486103795215 0.5699999999999998 -0.15000000000000013
-0.5441216020215539 0.5699999999999998 0.8099999999999998
-0.5215486103795215 0.5699999999999998 -0.15000000000000013
-0.5700000000000001 0.5699999999999998 -0.05055033235460309
-0.5700000000000001 0.5699999999999998 0.7606175483249894
-0.5441216020215539 0.5699999999999998 0.8099999999999998
-0.5231267226415188 0.6899999999999997 0.030000000000000027
-0.5409934217883481 0.6899999999999997 0.09000000000000008
-0.5531557471696461 0.6899999999999997 0.6899999999999997
-0.5555536182244796 0.6899999999999997 0.1499999999999999
-0.5700000000000001 0.6899999999999997 0.22347729572248956
-0.5700000000000001 0.6899999999999997 0.20671715536687807
-0.5700000000000001 0.6899999999999997 0.5749473568640006
-0.5531557471696461 0.6899999999999997 0.6899999999999997
-0.5044142201962841 0.8099999999999998 0.32999999999999985
-0.507401293389078 0.8099999999999998 0.3899999999999999
-0.507401293389078 0.8099999999999998 0.3899999999999999
-0.5078654434925438 0.8099999999999998 0.44999999999999996
-0.49755476840998764 0.8099999999999998 0.5699999999999998
-0.49231545168465707 -0.81 0.20999999999999974
-0.5073390812352901 -0.81 0.2699999999999998
-0.5191735217368212 -0.81 0.32999999999999985
-0.52125039336182 -0.81 0.3899999999999999
-0.52125039336182 -0.81 0.3899999999999999
-0.5151465418746501 -0.81 0.5699999999999998
-0.5151465418746501 -0.81 0.5699999999999998
-0.48493561956920134 -0.81 0.6899999999999997
-0.48493561956920134 -0.81 0.6899999999999997
-0.44999999999999996 -0.81 0.0824977951742382
-0.48493561956920134 -0.81 0.6899999999999997
-0.44999999999999996 -0.81 0.7955193826260303
-0.4678923444750163 -0.6900000000000002 -0.09000000000000008
-0.44999999999999996 -0.6900000000000002 -0.12637539406321163
-0.4993853617570833 -0.5700000000000001 -0.2100000000000002
-0.44999999999999996 -0.5700000000000001 -0.277839783030942
-0.44999999999999996 -0.5700000000000001 0.9746738677036959
-0.5331515843158118 -0.44999999999999996 -0.27000000000000024
-0.5337665112809089 -0.3900000000000001 -0.3300000000000003
-0.44999999999999996 -0.3900000000000001 1.0045730123384373
-0.530957382827178 -0.3300000000000003 -0.3900000000000001
-0.44999999999999996 -0.3300000000000003 1.0014605095729932
-0.44999999999999996 -0.27000000000000024 -0.5284428330791635
-0.44999999999999996 -0.27000000000000024 0.9833230342695936
-0.44999999999999996 -0.2100000000000002 -0.566023020637158
-0.44999999999999996 -0.2100000000000002 0.9686189928915729
-0.44999999999999996 -0.2100000000000002 -0.566023020637158
-0.4865929577883104 -0.2100000000000002 0.9299999999999999
-0.44999999999999996 -0.15000000000000013 0.9522253378406854
-0.44999999999999996 -0.09000000000000008 -0.6213276539548439
-0.44999999999999996 -0.09000000000000008 0.9295659500982368
-0.44999999999999996 0.030000000000000027 -0.6462230906571949
-0.44999999999999996 0.030000000000000027 0.9163872274434459
-0.44999999999999996 0.09000000000000008 -0.6178230776263423
-0.44999999999999996 0.09000000000000008 0.9306942430743609
-0.44999999999999996 0.1499999999999999 -0.6001178292332076
-0.44999999999999996 0.1499999999999999 0.9525602536173343
-0.44999999999999996 0.20999999999999974 -0.5675083181518962
-0.44999999999999996 0.2699999999999998 -0.5357741538014766
-0.44999999999999996 0.2699999999999998 -0.5242997979349154
-0.44999999999999996 0.2699999999999998 0.987109682076689
-0.44999999999999996 0.32999999999999985 -0.48522669669389956
-0.44999999999999996 0.32999999999999985 1.0053125442445479
-0.44999999999999996 0.3899999999999999 -0.4516609229351847
-0.44999999999999996 0.3899999999999999 1.00693403145139
-0.5346491891060484 0.3899999999999999 -0.3300000000000003
-0.44999999999999996 0.3899999999999999 1.00693403145139
-0.44999999999999996 0.5699999999999998 -0.2758766163541557
-0.4924028334962771 0.5699999999999998 -0.2100000000000002
-0.44999999999999996 0.6899999999999997 -0.12547847869609938
-0.5324984037472377 0.6899999999999997 0.030000000000000027
-0.44999999999999996 0.8099999999999998 0.08405154420787853
-0.47546173894188154 0.8099999999999998 0.1499999999999999
-0.48493561956920134 0.8099999999999998 0.6899999999999997
-0.44999999999999996 0.8099999999999998 0.7955193826260303
-0.5032301785421834 0.8099999999999998 0.2699999999999998
-0.5202049309122099 0.8099999999999998 0.32999999999999985
-0.5246740645534432 0.8099999999999998 0.3899999999999999
-0.5259111873487013 0.8099999999999998 0.44999999999999996
-0.5158860738469861 0.8099999999999998 0.5699999999999998
-0.5158860738469861 0.8099999999999998 0.5699999999999998
-0.48493561956920134 0.8099999999999998 0.6899999999999997
-0.48493561956920134 0.8099999999999998 0.6899999999999997
-0.42429204389262226 -0.9299999999999999 0.3899999999999999
-0.37648207473076933 -0.9299999999999999 0.20999999999999974
-0.3900000000000001 -0.9299999999999999 0.2413471476079421
-0.3900000000000001 -0.9299999999999999 0.2522718451175967
-0.3900000000000001 -0.9299999999999999 0.716427794136782
-0.3900000000000001 -0.9299999999999999 0.716427794136782
-0.4541454164751945 -0.81 0.09000000000000008
-0.3900000000000001 -0.9062692727556819 0.1499999999999999
-0.4465858558714537 -0.81 0.8099999999999998
-0.4465858558714537 -0.81 0.8099999999999998
-0.3900000000000001 -0.81 -0.028297550867009764
-0.3900000000000001 -0.81 -0.05268564741128785
-0.3900000000000001 -0.81 0.9077634464515623
-0.4395131406757069 -0.6900000000000002 -0.15000000000000013
-0.3900000000000001 -0.6900000000000002 -0.2164560452957362
-0.3900000000000001 -0.6900000000000002 -0.2164560452957362
-0.3900000000000001 -0.6900000000000002 1.010909062848664
-0.3900000000000001 -0.5700000000000001 -0.35314807152086813
-0.3900000000000001 -0.5700000000000001 -0.34296119106872525
-0.3900000000000001 -0.5700000000000001 1.0487931457633963
-0.3900000000000001 -0.44999999999999996 -0.4641882113105528
-0.3900000000000001 -0.3900000000000001 -0.5109312005664043
-0.3900000000000001 -0.3900000000000001 1.0676977239495085
-0.3900000000000001 -0.47259365879664156 -0.44999999999999996
-0.3900000000000001 -0.27000000000000024 1.0422958017292927
-0.3900000000000001 -0.2100000000000002 1.022064266605755
-0.3900000000000001 -0.2100000000000002 -0.6343535906599368
-0.3900000000000001 -0.15000000000000013 -0.6683275841365134
-0.3900000000000001 -0.15000000000000013 1.0015555324060832
-0.3900000000000001 -0.09000000000000008 -0.6948725421017264
-0.3900000000000001 0.030000000000000027 0.97066726677878
-0.3900000000000001 0.09000000000000008 -0.6951139139674921
-0.3900000000000001 0.09000000000000008 0.9837000769612346
-0.3900000000000001 0.1499999999999999 -0.668756139555787
-0.3900000000000001 0.1499999999999999 1.00322331127312
-0.3900000000000001 0.2699999999999998 -0.5973169917233527
-0.3900000000000001 0.2699999999999998 1.0454187339822734
-0.3900000000000001 0.32999999999999985 -0.559768312428457
-0.3900000000000001 0.5699999999999998 -0.34456308231966787
-0.3900000000000001 0.5699999999999998 1.048320226376241
-0.3900000000000001 0.5699999999999998 -0.34877813203756675
-0.3900000000000001 0.6899999999999997 -0.21360406746604407
-0.3900000000000001 0.6899999999999997 -0.21360406746604407
-0.3900000000000001 0.6899999999999997 1.0137862211015054
-0.44031232024358125 0.6899999999999997 -0.15000000000000013
-0.3900000000000001 0.8099999999999998 -0.037614161561380234
-0.3900000000000001 0.8099999999999998 -0.05700740164605326
-0.3900000000000001 0.8099999999999998 0.9077634464515623
-0.4566086677660419 0.8099999999999998 0.09000000000000008
-0.4467482708750956 0.8099999999999998 0.8099999999999998
-0.4467482708750956 0.8099999999999998 0.8099999999999998
-0.3900000000000001 0.9299999999999999 0.22697667765270596
-0.4135189988197343 0.9299999999999999 0.32999999999999985
-0.3900000000000001 0.9299999999999999 0.7139050794200719
-0.3900000000000001 0.9299999999999999 0.7139050794200719
-0.36180886059741607 0.9899999999999998 0.5699999999999998
-0.39461912838075636 -0.9299999999999999 0.2699999999999998
-0.3300000000000003 -1.0113434753363217 0.32999999999999985
-0.3300000000000003 -1.0222702196039195 0.6899999999999997
-0.3300000000000003 -0.9299999999999999 0.0982305689576619
-0.3300000000000003 -0.9299999999999999 0.8872840984019459
-0.3300000000000003 -0.9299999999999999 0.8572071214032293
-0.35856171312847906 -0.81 -0.09000000000000008
-0.3300000000000003 -0.81 -0.12139226274583893
-0.3300000000000003 -0.81 0.9885627666499185
-0.3300000000000003 -0.6900000000000002 -0.28924986821591414
-0.3300000000000003 -0.6900000000000002 -0.2802789222967653
-0.3300000000000003 -0.5700000000000001 1.1037640156265736
-0.3300000000000003 -0.44999999999999996 -0.5162079852288907
-0.3300000000000003 -0.44999999999999996 1.1126322002493214
-0.38524676016112513 -0.3300000000000003 -0.5700000000000001
-0.3300000000000003 -0.3300000000000003 1.104397293238229
-0.3300000000000003 -0.4107944291678348 -0.5700000000000001
-0.3300000000000003 -0.27000000000000024 1.091633832201973
-0.3300000000000003 -0.2100000000000002 -0.6878958166381508
-0.3300000000000003 -0.2100000000000002 1.067449115393251
-0.3300000000000003 -0.15000000000000013 -0.721379299893345
-0.3300000000000003 -0.15000000000000013 1.0433868721178925
-0.3300000000000003 0.1499999999999999 -0.7223034998693987
-0.3300000000000003 0.1499999999999999 1.0450251840083846
-0.3300000000000003 0.20999999999999974 -0.6871880080594557
-0.3300000000000003 0.32999999999999985 -0.6143570664519996
-0.3300000000000003 0.32999999999999985 1.1049154400305348
-0.3300000000000003 0.3899999999999999 -0.5673551873886478
-0.3300000000000003 0.44999999999999996 1.1120291754990046
-0.3300000000000003 0.5699999999999998 -0.4051237891010959
-0.3300000000000003 0.5699999999999998 1.103285222254578
-0.3300000000000003 0.6899999999999997 -0.2802531838395228
-0.3300000000000003 0.8099999999999998 -0.12088428283122933
-0.3300000000000003 0.8099999999999998 0.9884894179150358
-0.36079655573609115 0.8099999999999998 -0.09000000000000008
-0.3300000000000003 0.9299999999999999 0.09697859464363398
-0.3300000000000003 0.9299999999999999 0.08411036012140873
-0.3539937882719975 0.9299999999999999 0.8099999999999998
-0.3300000000000003 0.9299999999999999 0.8537839201842925
-0.30456526535052175 0.9899999999999998 0.20999999999999974
-0.3202100746300714 0.9899999999999998 0.2699999999999998
-0.3300000000000003 0.9899999999999998 0.30277985807660523
-0.3300000000000003 0.9899999999999998 0.70119446538372
-0.3183077706702276 -0.99 0.2699999999999998
-0.3440616005029437 -0.99 0.32999999999999985
-0.27000000000000024 -1.0586794534920116 0.3899999999999999
-0.27000000000000024 -1.0586794534920116 0.3899999999999999
-0.27000000000000024 -1.0787148036651888 0.5699999999999998
-0.27000000000000024 -0.994839444150762 0.1499999999999999
-0.27000000000000024 -1.0074576913907733 0.8099999999999998
-0.27000000000000024 -0.9299999999999999 0.00710537029044758
-0.27000000000000024 -0.9299999999999999 0.9343831233460159
-0.30470763202368684 -0.81 -0.15000000000000013
-0.27000000000000024 -0.81 -0.1817936518724646
-0.27000000000000024 -0.6900000000000002 1.11864084450741
-0.27000000000000024 -0.6900000000000002 -0.33363004413594205
-0.27000000000000024 -0.5700000000000001 -0.4552532428393173
-0.27000000000000024 -0.5700000000000001 1.1452203333716313
-0.27000000000000024 -0.44999999999999996 1.1465395830292355
-0.27000000000000024 -0.3300000000000003 -0.6591412468603834
-0.27000000000000024 -0.27000000000000024 -0.6943143891159235
-0.27000000000000024 -0.2100000000000002 -0.7399329286928152
-0.27000000000000024 -0.2100000000000002 1.10270581910513
-0.27000000000000024 -0.15000000000000013 -0.7637018694263392
-0.27000000000000024 -0.09000000000000008 -0.8010747783529873
-0.27000000000000024 -0.09000000000000008 1.050986434958623
-0.27000000000000024 0.030000000000000027 1.0339057547894914
-0.27000000000000024 0.09000000000000008 -0.799251628777138
-0.27000000000000024 0.09000000000000008 1.050966245414851
-0.27000000000000024 0.20999999999999974 -0.7379747238333854
-0.27000000000000024 0.20999999999999974 1.1031740099142282
-0.27000000000000024 0.32999999999999985 -0.6474998519250437
-0.27000000000000024 0.3899999999999999 -0.61717985393205
-0.27000000000000024 0.3899999999999999 1.144539792513031
-0.27000000000000024 0.44999999999999996 -0.5679664864812319
-0.27000000000000024 0.44999999999999996 1.1473241971259387
-0.27000000000000024 0.5699999999999998 -0.4548520775024062
-0.27000000000000024 0.5699999999999998 1.143920083356711
-0.27000000000000024 0.6899999999999997 -0.3349285797499135
-0.27000000000000024 0.6899999999999997 -0.33684349800382757
-0.27000000000000024 0.6899999999999997 1.11864084450741
-0.27000000000000024 0.8099999999999998 -0.18496037906750407
-0.3051839450511752 0.8099999999999998 -0.15000000000000013
-0.27000000000000024 0.9299999999999999 -0.0052395443988070434
-0.27000000000000024 0.9299999999999999 0.9343831233460159
-0.27000000000000024 0.9899999999999998 0.1530069317773309
-0.27000000000000024 0.9899999999999998 0.8225354085682656
-0.27000000000000024 1.022914083270381 0.2699999999999998
-0.27000000000000024 1.0499999999999998 0.6546310998140298
-0.2100000000000002 -1.0800751492070437 0.3899999999999999
-0.2100000000000002 -1.0800751492070437 0.3899999999999999
-0.2100000000000002 -1.0843713966730373 0.44999999999999996
-0.2100000000000002 -1.0862218495877949 0.5699999999999998
-0.2100000000000002 -1.0381908199600205 0.20999999999999974
-0.26700928817697844 -0.99 0.8099999999999998
-0.2100000000000002 -0.9299999999999999 -0.057342574593588665
-0.2100000000000002 -1.0027862799856557 0.09000000000000008
-0.2100000000000002 -0.9299999999999999 -0.051608414922352144
-0.2100000000000002 -0.81 -0.23135428812097877
-0.2100000000000002 -0.81 1.1030522112119705
-0.2100000000000002 -0.81 -0.23135428812097877
-0.2100000000000002 -0.6900000000000002 -0.3699668389073327
-0.2100000000000002 -0.44999999999999996 -0.5946129374053283
-0.2100000000000002 -0.3900000000000001 -0.6457971482487779
-0.2100000000000002 -0.3300000000000003 -0.6859098857366438
-0.2100000000000002 -0.27000000000000024 1.156792335758065
-0.2100000000000002 -0.2100000000000002 -0.7752179796678133
-0.2100000000000002 -0.2100000000000002 1.1300120742367823
-0.2100000000000002 -0.2100000000000002 -0.7621364206375145
-0.2100000000000002 -0.15000000000000013 1.1032918787466752
-0.2100000000000002 -0.09000000000000008 -0.8353706210369818
-0.2100000000000002 0.09000000000000008 -0.8322025238577122
-0.2100000000000002 0.1499999999999999 1.1026709973470896
-0.2100000000000002 0.20999999999999974 -0.7639467687261463
-0.2100000000000002 0.2699999999999998 1.156972077860629
-0.2100000000000002 0.32999999999999985 1.181325169003052
-0.2100000000000002 0.3899999999999999 -0.6530580491860398
-0.2100000000000002 0.44999999999999996 -0.5995610833899941
-0.2100000000000002 0.786156179236316 -0.27000000000000024
-0.2100000000000002 0.8099999999999998 -0.23599457397267284
-0.2100000000000002 0.8099999999999998 1.1017143582333433
-0.2100000000000002 0.9299999999999999 -0.048630831005612746
-0.2100000000000002 0.9736135625099962 0.030000000000000027
-0.2100000000000002 0.9899999999999998 0.07558469147092198
-0.1844331799050653 1.0499999999999998 0.20999999999999974
-0.2100000000000002 1.0499999999999998 0.2481580071698022
-0.2100000000000002 1.0499999999999998 0.7802554470795952
-0.2100000000000002 1.0789464423179538 0.3899999999999999
-0.2100000000000002 1.0825201250326044 0.44999999999999996
-0.2100000000000002 1.0900423636740322 0.5699999999999998
-0.2100000000000002 1.0900423636740322 0.5699999999999998
-0.14924248839050486 -1.11 0.3899999999999999
-0.15634369732294237 -1.11 0.6899999999999997
-0.2100000000000002 -1.0171126487011701 0.1499999999999999
-0.2100000000000002 -0.9299999999999999 -0.057342574593588665
-0.2100000000000002 -0.9299999999999999 0.9899898633023295
-0.2100000000000002 -0.8575964777438833 -0.15000000000000013
-0.2100000000000002 -0.81 -0.23135428812097877
-0.13604733884350165 -0.81 -0.27000000000000024
-0.2100000000000002 -0.81 1.1030522112119705
-0.2100000000000002 -0.6900000000000002 -0.3699668389073327
-0.2100000000000002 -0.6900000000000002 -0.3722003918297895
-0.2100000000000002 -0.5700000000000001 -0.5037237884725551
-0.2100000000000002 -0.5700000000000001 1.182654751145983
-0.2100000000000002 -0.44999999999999996 -0.5946129374053283
-0.2100000000000002 -0.3300000000000003 -0.6859098857366438
-0.2100000000000002 -0.27000000000000024 -0.7355592862331759
-0.2100000000000002 -0.2100000000000002 -0.7621364206375145
-0.2100000000000002 -0.2100000000000002 -0.7621364206375145
-0.2100000000000002 -0.2100000000000002 1.1300120742367823
-0.2100000000000002 -0.15000000000000013 -0.8033974099988836
-0.2100000000000002 -0.09000000000000008 1.0684747073003567
-0.2100000000000002 0.030000000000000027 -0.8610634310369116
-0.2100000000000002 0.09000000000000008 1.0705025041152658
-0.2100000000000002 0.1499999999999999 -0.8024173207006303
-0.2100000000000002 0.20999999999999974 -0.7639467687261463
-0.2100000000000002 0.20999999999999974 1.1295562645417419
-0.2100000000000002 0.2699999999999998 -0.7242089601333728
-0.2100000000000002 0.32999999999999985 -0.6850459746998201
-0.2100000000000002 0.44999999999999996 -0.5995610833899941
-0.2100000000000002 0.5699999999999998 1.1823089610988593
-0.2100000000000002 0.6899999999999997 -0.37053488506772736
-0.2100000000000002 0.7813022446729195 -0.27000000000000024
-0.2100000000000002 0.8099999999999998 1.1017143582333433
-0.2100000000000002 0.8564223194571856 -0.15000000000000013
-0.16415265506367857 0.9899999999999998 0.030000000000000027
-0.2100000000000002 0.9899999999999998 0.9068978336655158
-0.1557851520763342 1.0499999999999998 0.1499999999999999
-0.2100000000000002 1.0679028739982142 0.32999999999999985
-0.1535751605773673 1.1099999999999999 0.3899999999999999
-0.15331697228004443 1.1099999999999999 0.6899999999999997
-0.15000000000000013 -1.1023482149755888 0.44999999999999996
-0.15000000000000013 -1.1068238659607097 0.5699999999999998
-0.15000000000000013 -1.0691891305089511 0.2699999999999998
-0.15000000000000013 -0.99 0.03523347374726503
-0.15000000000000013 -0.99 0.9599566084865654
-0.15000000000000013 -0.9299999999999999 -0.08248166967212732
-0.15000000000000013 -0.9986842399519159 0.030000000000000027
-0.15000000000000013 -0.81 -0.2565044099433676
-0.15000000000000013 -0.81 1.1275737394368348
-0.15000000000000013 -0.81 -0.25882603886187977
-0.15000000000000013 -0.6900000000000002 1.1889047498618843
-0.15000000000000013 -0.44999999999999996 -0.6246033949955115
-0.15000000000000013 -0.3900000000000001 -0.6661279825447248
-0.15000000000000013 -0.3300000000000003 -0.7139384864498881
-0.15000000000000013 -0.3300000000000003 1.1834999370641903
-0.15000000000000013 -0.27000000000000024 1.1702264584178514
-0.15000000000000013 -0.2100000000000002 -0.792928040080385
-0.15000000000000013 -0.2100000000000002 -0.792928040080385
-0.15000000000000013 -0.2100000000000002 1.1583468330825277
-0.15000000000000013 -0.15000000000000013 -0.8284557678401772
-0.15000000000000013 -0.09000000000000008 -0.8744865716596535
-0.15000000000000013 -0.09000000000000008 1.0878886232455742
-0.15000000000000013 0.09000000000000008 -0.8699216768143964
-0.15000000000000013 0.20999999999999974 -0.7927584875491768
-0.15000000000000013 0.20999999999999974 1.157243168029763
-0.15000000000000013 0.2699999999999998 -0.7550020537229797
-0.15000000000000013 0.32999999999999985 1.185689585934202
-0.15000000000000013 0.3899999999999999 -0.6669975270876889
-0.15000000000000013 0.3899999999999999 1.1988779439529202
-0.15000000000000013 0.3899999999999999 -0.6669975270876889
-0.15000000000000013 0.44999999999999996 -0.6226462653974433
-0.15000000000000013 0.5699999999999998 -0.5105305286353692
-0.15000000000000013 0.6899999999999997 1.1889047498618843
-0.15000000000000013 0.8099999999999998 -0.2553205300203693
-0.15000000000000013 0.8099999999999998 -0.25244657435581386
-0.15000000000000013 0.8099999999999998 1.1293133012943288
-0.15000000000000013 0.8461406117543445 -0.2100000000000002
-0.15000000000000013 0.9199462056369204 -0.09000000000000008
-0.15000000000000013 0.9899999999999998 0.029376977301865278
-0.15000000000000013 1.0179156357738304 0.09000000000000008
-0.15000000000000013 0.9672624203183153 0.9899999999999998
-0.15000000000000013 1.0733246568596297 0.2699999999999998
-0.09000000000000008 -1.1095004781469504 0.3899999999999999
-0.09000000000000008 -1.118856675781642 0.44999999999999996
-0.09000000000000008 -1.1195510850739903 0.5699999999999998
-0.09000000000000008 -1.0963326268742764 0.6899999999999997
-0.09000000000000008 -0.99 0.0006501190178423802
-0.09000000000000008 -1.035169539969478 0.09000000000000008
-0.09000000000000008 -0.9299999999999999 -0.11399381815238013
-0.09000000000000008 -0.8564006968056658 -0.2100000000000002
-0.09000000000000008 -0.81 -0.2818541713634672
-0.09000000000000008 -0.81 1.1603950583530358
-0.09000000000000008 -0.6900000000000002 -0.4199055870654544
-0.09000000000000008 -0.6640243033320592 -0.44999999999999996
-0.09000000000000008 -0.3900000000000001 -0.6827301798947337
-0.09000000000000008 -0.3300000000000003 -0.7251890555503788
-0.09000000000000008 -0.27000000000000024 1.1837853964153742
-0.09000000000000008 -0.2100000000000002 -0.8087842248877248
-0.09000000000000008 -0.15000000000000013 1.1372061517371468
-0.09000000000000008 -0.09000000000000008 -0.8911615092750034
-0.09000000000000008 -0.09000000000000008 1.0923675998389677
-0.09000000000000008 0.030000000000000027 1.051262032770507
-0.09000000000000008 0.09000000000000008 1.0875492507510265
-0.09000000000000008 0.1499999999999999 1.1365625465443134
-0.09000000000000008 0.20999999999999974 -0.8096080495703476
-0.09000000000000008 0.32999999999999985 1.207024904967595
-0.09000000000000008 0.3899999999999999 -0.6815778667575075
-0.09000000000000008 0.3899999999999999 -0.6815778667575075
-0.09000000000000008 0.44999999999999996 -0.6462554403662547
-0.09000000000000008 0.8099999999999998 -0.27541356727812044
-0.09000000000000008 0.8099999999999998 1.1603950583530358
-0.09000000000000008 0.852836981358004 -0.2100000000000002
-0.012697321844243966 1.0499999999999998 0.09000000000000008
-0.09000000000000008 1.0659621453784751 0.20999999999999974
-0.002896634932514009 1.1099999999999999 0.2699999999999998
-0.01925649355769428 1.1099999999999999 0.8099999999999998
-0.09000000000000008 1.1157617203904449 0.3899999999999999
-0.09000000000000008 1.1209307778964444 0.44999999999999996
-0.09000000000000008 1.1224005134037383 0.5699999999999998
-0.09000000000000008 1.113578619907304 0.6899999999999997
0.030000000000000027 -1.1160282006912452 0.3899999999999999
0.030000000000000027 -1.1245153556239693 0.44999999999999996
0.030000000000000027 -1.1185638530241944 0.5699999999999998
0.030000000000000027 -1.1074173188242922 0.6899999999999997
0.030000000000000027 -1.0813340671906844 0.20999999999999974
0.030000000000000027 -1.0503692541412897 0.09000000000000008
0.030000000000000027 -0.99 1.018922658161502
0.030000000000000027 -0.9496396453587452 -0.09000000000000008
0.030000000000000027 -0.8645228433832681 -0.2100000000000002
0.030000000000000027 -0.3300000000000003 -0.7286246573449389
0.030000000000000027 -0.2100000000000002 -0.811112996765126
0.030000000000000027 -0.2100000000000002 1.1682262264669123
0.030000000000000027 -0.15000000000000013 1.1393140157252697
0.030000000000000027 -0.09000000000000008 1.0929409699257882
0.030000000000000027 -0.013655218409905679 -0.99
0.030000000000000027 0.030000000000000027 -0.9502561885164746
0.030000000000000027 0.030000000000000027 1.0476918104629422
0.030000000000000027 0.09000000000000008 1.0935472779114426
0.030000000000000027 0.1499999999999999 1.1418409294116802
0.030000000000000027 0.2699999999999998 -0.7634778990587963
0.030000000000000027 0.2699999999999998 1.19609566664808
0.030000000000000027 0.3899999999999999 -0.6912583952714072
0.030000000000000027 0.8628532069657001 -0.2100000000000002
0.030000000000000027 0.9899999999999998 -0.033093845485875066
0.030000000000000027 1.017858338517979 0.030000000000000027
0.030000000000000027 1.0499999999999998 0.11617416761935719
0.030000000000000027 1.0499999999999998 0.9412279720379666
0.030000000000000027 1.080854310272567 0.20999999999999974
0.030000000000000027 1.1025117409188654 0.2699999999999998
0.030000000000000027 1.0996435407410279 0.8099999999999998
0.030000000000000027 1.1236361836048654 0.44999999999999996
0.030000000000000027 1.126235179662961 0.5699999999999998
0.09000000000000008 -1.111736188409387 0.3899999999999999
0.09000000000000008 -1.1206746950313604 0.44999999999999996
0.09000000000000008 -1.1214306344271148 0.5699999999999998
0.09000000000000008 -1.1214306344271148 0.5699999999999998
0.09000000000000008 -1.0968404629427095 0.6899999999999997
0.09000000000000008 -1.068366942783845 0.20999999999999974
0.021516879058561943 -1.11 0.2699999999999998
0.019256493557693644 -1.11 0.8099999999999998
0.09000000000000008 -0.99 0.00242583182502643
0.09000000000000008 -0.9299999999999999 -0.1117791821218062
0.09000000000000008 -0.8567347321723653 -0.2100000000000002
0.09000000000000008 -0.81 -0.27127185593944486
0.09000000000000008 -0.81 1.1600406899027829
0.09000000000000008 -0.81 -0.28199167017740634
0.09000000000000008 -0.6900000000000002 -0.42064175610370996
0.09000000000000008 -0.5700000000000001 -0.5370149091943318
0.09000000000000008 -0.44999999999999996 -0.649346659084129
0.09000000000000008 -0.3900000000000001 -0.6810677788075875
0.09000000000000008 -0.3300000000000003 -0.723730518985923
0.09000000000000008 -0.3300000000000003 1.2047723723372266
0.09000000000000008 -0.27000000000000024 1.1833440081874234
0.09000000000000008 -0.2100000000000002 -0.8100164827920189
0.09000000000000008 -0.2100000000000002 -0.8100164827920189
0.09000000000000008 -0.2100000000000002 1.172141088505646
0.09000000000000008 -0.09000000000000008 -0.888514921106324
0.09000000000000008 -0.09000000000000008 1.0925521793085675
0.09000000000000008 0.030000000000000027 -0.9321450377735789
0.09000000000000008 0.09000000000000008 -0.8917307543235696
0.09000000000000008 0.09000000000000008 1.0937384204681033
0.09000000000000008 0.1499999999999999 1.1364811254376195
0.09000000000000008 0.20999999999999974 -0.8087377899917437
0.09000000000000008 0.20999999999999974 1.1725406726013172
0.09000000000000008 0.2699999999999998 -0.7674769838029479
0.09000000000000008 0.32999999999999985 1.201872529237151
0.09000000000000008 0.3899999999999999 -0.6826387476110916
0.09000000000000008 0.3899999999999999 1.2256647905484834
0.09000000000000008 0.3899999999999999 -0.6826387476110916
0.09000000000000008 0.8099999999999998 1.1603950583530358
0.09000000000000008 0.856500168901113 -0.2100000000000002
0.09000000000000008 0.9899999999999998 -0.01986260594980949
0.09000000000000008 1.0041219142521185 0.030000000000000027
0.09000000000000008 1.032402761372443 0.09000000000000008
0.09000000000000008 1.0691241472527018 0.20999999999999974
0.011601312726019887 1.1099999999999999 0.2699999999999998
0.01947069182904035 1.1099999999999999 0.8099999999999998
0.09000000000000008 1.11643515978389 0.3899999999999999
0.09000000000000008 1.1245468697291792 0.5699999999999998
0.09000000000000008 1.1245468697291792 0.5699999999999998
0.09000000000000008 1.1134662090598204 0.6899999999999997
0.1499999999999999 -1.1076110616732058 0.44999999999999996
0.1499999999999999 -1.0746065067604804 0.2699999999999998
0.0890696078151179 -1.11 0.32999999999999985
0.1499999999999999 -0.99 0.03964511889609267
0.1499999999999999 -0.99 0.9608052865807587
0.1499999999999999 -0.9299999999999999 -0.08117646441719202
0.1499999999999999 -0.81 1.129474873310642
0.1499999999999999 -0.81 -0.25461534972899597
0.1499999999999999 -0.6900000000000002 1.188051746457001
0.1499999999999999 -0.5700000000000001 -0.5132569710543252
0.1499999999999999 -0.44999999999999996 -0.6241549218891674
0.1499999999999999 -0.3900000000000001 -0.6635269980427989
0.1499999999999999 -0.3300000000000003 -0.7128883152632411
0.1499999999999999 -0.3300000000000003 1.1854983673127075
0.1499999999999999 -0.27000000000000024 -0.7595360504698182
0.1499999999999999 -0.27000000000000024 1.1716593659809482
0.1499999999999999 -0.2100000000000002 -0.7972072973611257
0.1499999999999999 -0.09000000000000008 -0.8697424823092317
0.1499999999999999 -0.09000000000000008 1.086408967517905
0.1499999999999999 0.09000000000000008 -0.8699477108311566
0.1499999999999999 0.09000000000000008 1.087169852510279
0.1499999999999999 0.1499999999999999 -0.8276736665083023
0.1499999999999999 0.20999999999999974 -0.7944297434776421
0.1499999999999999 0.2699999999999998 -0.7528824751819231
0.1499999999999999 0.3899999999999999 -0.6650898332784213
0.1499999999999999 0.3899999999999999 1.1946438080441648
0.1499999999999999 0.3899999999999999 -0.6650898332784213
0.1499999999999999 0.44999999999999996 -0.6196530757140488
0.1499999999999999 0.6899999999999997 -0.3946445869941173
0.1499999999999999 0.6899999999999997 1.1889047498618843
0.1499999999999999 0.8099999999999998 -0.2590622898008969
0.1499999999999999 0.8099999999999998 -0.2572851282913044
0.1499999999999999 0.8099999999999998 1.1275737394368348
0.1499999999999999 0.9219073918313367 -0.09000000000000008
0.1499999999999999 1.0209094893926784 0.09000000000000008
0.1499999999999999 0.9634117932235396 0.9899999999999998
0.1499999999999999 1.074722864287252 0.2699999999999998
0.09760796199793857 1.1099999999999999 0.32999999999999985
0.12116508602541225 -1.11 0.32999999999999985
0.15264976795113885 -1.11 0.3899999999999999
0.1525798299661543 -1.11 0.6899999999999997
0.1525798299661543 -1.11 0.6899999999999997
0.20999999999999974 -1.0208188641897704 0.1499999999999999
0.20999999999999974 -0.9299999999999999 -0.05140761956491093
0.20999999999999974 -0.9299999999999999 0.9894127984873263
0.20999999999999974 -0.8578110361210719 -0.15000000000000013
0.20999999999999974 -0.81 -0.2358103102704191
0.12156191370504368 -0.81 -0.27000000000000024
0.20999999999999974 -0.81 1.102331018934178
0.20999999999999974 -0.6900000000000002 -0.367006612694884
0.20999999999999974 -0.5700000000000001 -0.4999362997363012
0.20999999999999974 -0.5700000000000001 1.182654751145983
0.20999999999999974 -0.44999999999999996 -0.5997738697490984
0.20999999999999974 -0.3300000000000003 -0.6846681394776546
0.20999999999999974 -0.27000000000000024 -0.7324328873912922
0.20999999999999974 -0.2100000000000002 -0.7628728124058219
0.20999999999999974 -0.2100000000000002 1.129302877453263
0.20999999999999974 -0.15000000000000013 -0.8022452059972761
0.20999999999999974 -0.15000000000000013 1.100701602797536
0.20999999999999974 -0.09000000000000008 1.0629648643607696
0.20999999999999974 0.030000000000000027 -0.8585896251599378
0.20999999999999974 0.09000000000000008 1.0681760467278552
0.20999999999999974 0.1499999999999999 -0.8020414031005257
0.20999999999999974 0.1499999999999999 1.1032791347784827
0.20999999999999974 0.20999999999999974 -0.762091855760257
0.20999999999999974 0.20999999999999974 1.129799429058875
0.20999999999999974 0.2699999999999998 -0.7229307667951612
0.20999999999999974 0.32999999999999985 -0.6856430393353741
0.20999999999999974 0.44999999999999996 -0.5996048053885656
0.20999999999999974 0.5699999999999998 -0.48043668237701287
0.20999999999999974 0.5699999999999998 1.182654751145983
0.20999999999999974 0.5699999999999998 -0.5027213691526458
0.20999999999999974 0.6899999999999997 -0.36852874042868655
0.20999999999999974 0.6899999999999997 -0.36631303083734573
0.20999999999999974 0.7818161851967661 -0.27000000000000024
0.20999999999999974 0.8099999999999998 1.1015802224045812
0.20999999999999974 0.8099999999999998 -0.23739260728877407
0.20999999999999974 0.8634375739177845 -0.15000000000000013
0.16677390995943187 0.9899999999999998 0.030000000000000027
0.20999999999999974 0.9899999999999998 0.9068978336655155
0.15272294883234008 1.0499999999999998 0.1499999999999999
0.20999999999999974 1.0492583221141798 0.2699999999999998
0.20999999999999974 1.0646790309040806 0.32999999999999985
0.15199297612045895 1.1099999999999999 0.3899999999999999
0.15257982996615455 1.1099999999999999 0.6899999999999997
0.15257982996615455 1.1099999999999999 0.6899999999999997
0.2699999999999998 -1.043693254846975 0.3899999999999999
0.2699999999999998 -1.047228191065989 0.44999999999999996
0.2699999999999998 -1.0516955017943637 0.5699999999999998
0.2699999999999998 -1.0516955017943637 0.5699999999999998
0.2699999999999998 -0.99 0.1595687254839834
0.2699999999999998 -1.020863978509471 0.2699999999999998
0.2699999999999998 -0.99 0.8225354085682656
0.2699999999999998 -0.9299999999999999 0.008956868856357962
0.2699999999999998 -0.9299999999999999 0.012064695774988584
0.2699999999999998 -0.81 -0.18415712050995708
0.2699999999999998 -0.81 1.0553965058394437
0.2699999999999998 -0.6900000000000002 -0.3392964917394267
0.2699999999999998 -0.44999999999999996 -0.5642271219417535
0.2699999999999998 -0.3900000000000001 -0.6189930635012747
0.2699999999999998 -0.3300000000000003 -0.6480442636992868
0.2699999999999998 -0.27000000000000024 1.1241329132062556
0.2699999999999998 -0.2100000000000002 -0.7350005557616494
0.2699999999999998 -0.2100000000000002 1.1024145386427715
0.2699999999999998 -0.2100000000000002 -0.7251356475396858
0.2699999999999998 0.030000000000000027 -0.820557810518414
0.2699999999999998 0.030000000000000027 1.0287046682968288
0.2699999999999998 0.09000000000000008 -0.7997005691841725
0.2699999999999998 0.1499999999999999 1.0750107331208936
0.2699999999999998 0.20999999999999974 -0.7275666735040194
0.2699999999999998 0.2699999999999998 -0.6904268224628096
0.2699999999999998 0.2699999999999998 1.1249694321132249
0.2699999999999998 0.32999999999999985 1.1436181278337767
0.2699999999999998 0.27149638486292776 -0.6900000000000002
0.2699999999999998 0.3899999999999999 -0.6157183847980872
0.2699999999999998 0.44999999999999996 -0.5655574517107727
0.2699999999999998 0.6899999999999997 -0.33050067359371876
0.2699999999999998 0.6899999999999997 -0.3322034815283549
0.2699999999999998 0.8099999999999998 -0.183412701327468
0.2699999999999998 0.8099999999999998 1.0553965058394437
0.22848416226955276 0.9899999999999998 0.09000000000000008
0.2699999999999998 1.0028696565696256 0.20999999999999974
0.22398537350946093 1.0499999999999998 0.2699999999999998
0.2699999999999998 0.9857830565007718 0.8099999999999998
0.2699999999999998 1.0423405019564127 0.3899999999999999
0.2699999999999998 1.046105584868125 0.44999999999999996
0.2699999999999998 1.0516955017943639 0.5699999999999998
0.2699999999999998 1.0516955017943639 0.5699999999999998
0.3575164544387733 -0.99 0.3899999999999999
0.3575164544387733 -0.99 0.3899999999999999
0.3586686664450974 -0.99 0.5699999999999998
0.32999999999999985 -0.9299999999999999 0.07948776040068205
0.3540628336435021 -0.9299999999999999 0.8099999999999998
0.2880195000173951 -0.9299999999999999 0.030000000000000027
0.32999999999999985 -0.7700426615185453 0.9899999999999998
0.32999999999999985 -0.81 -0.12032178421905583
0.32999999999999985 -0.81 -0.12504888510604376
0.32999999999999985 -0.6900000000000002 -0.28329034706729644
0.32999999999999985 -0.6900000000000002 1.0743929573845898
0.27751472679960876 -0.6900000000000002 -0.3300000000000003
0.32999999999999985 -0.5700000000000001 -0.40356882289564777
0.2815103070146384 -0.5700000000000001 -0.44999999999999996
0.32999999999999985 -0.5700000000000001 1.1032852222545777
0.32999999999999985 -0.44999999999999996 1.1122750118993334
0.32999999999999985 -0.3900000000000001 -0.5662228999850025
0.32999999999999985 -0.3300000000000003 -0.611654243633577
0.32999999999999985 -0.27000000000000024 -0.6467261307440981
0.32999999999999985 -0.2100000000000002 -0.6887111018135764
0.32999999999999985 -0.2100000000000002 1.0666697875398592
0.32999999999999985 -0.09000000000000008 -0.751354670235094
0.32999999999999985 -0.09000000000000008 1.0249189664674199
0.32999999999999985 0.09000000000000008 -0.7553821194745463
0.32999999999999985 0.09000000000000008 1.019483182600672
0.32999999999999985 0.1499999999999999 -0.7250768422186419
0.32999999999999985 0.20999999999999974 -0.6886548543782013
0.32999999999999985 0.20999999999999974 1.0647297343616662
0.32999999999999985 0.32999999999999985 -0.6096120941471066
0.32999999999999985 0.3899999999999999 -0.5657839657127288
0.32999999999999985 0.44999999999999996 1.1126322002493214
0.2757956794909448 0.5699999999999998 -0.44999999999999996
0.32999999999999985 0.5699999999999998 1.1032852222545777
0.32999999999999985 0.6899999999999997 1.0743929573845898
0.32999999999999985 0.8099999999999998 -0.1296822597187859
0.32999999999999985 0.8099999999999998 -0.12350641235064598
0.29079419950925867 0.9299999999999999 0.030000000000000027
0.32999999999999985 0.7700426615185453 0.9899999999999998
0.28102820332586115 0.9899999999999998 0.1499999999999999
0.28996058763308136 0.9899999999999998 0.8099999999999998
0.32999999999999985 0.9844061339503929 0.2699999999999998
0.2706164404447489 1.0499999999999998 0.32999999999999985
0.29144003522115225 1.0499999999999998 0.5699999999999998
0.32999999999999985 0.9796548595253928 0.6899999999999997
0.3899999999999999 -0.9299999999999999 0.2359936025447994
0.4186007525112873 -0.9299999999999999 0.32999999999999985
0.3899999999999999 -0.9299999999999999 0.7112457234448681
0.357768457442444 -0.9299999999999999 0.1499999999999999
0.3543931537371021 -0.9299999999999999 0.8099999999999998
0.3899999999999999 -0.7753255259263915 0.9299999999999999
0.3899999999999999 -0.81 -0.0336260473629894
0.3899999999999999 -0.81 -0.04392081918265074
0.30939945608317815 -0.81 -0.15000000000000013
0.3899999999999999 -0.6900000000000002 -0.2174744742830991
0.3448811249853907 -0.6900000000000002 -0.27000000000000024
0.3899999999999999 -0.5700000000000001 1.0425806229299002
0.3899999999999999 -0.44999999999999996 -0.45745380660165313
0.3899999999999999 -0.44999999999999996 1.0720758609805958
0.3899999999999999 -0.3300000000000003 1.0525074641253531
0.3899999999999999 -0.27000000000000024 -0.5958650245318089
0.3899999999999999 -0.27000000000000024 1.0347744551249671
0.3899999999999999 -0.2100000000000002 -0.634789217720327
0.3899999999999999 -0.2100000000000002 1.0245292166147877
0.3899999999999999 -0.2100000000000002 -0.634789217720327
0.3899999999999999 -0.2100000000000002 1.0241983372466
0.3899999999999999 -0.15000000000000013 -0.6658458454095013
0.3899999999999999 -0.15000000000000013 1.003051005829764
0.3899999999999999 0.1499999999999999 -0.6672867148650611
0.3899999999999999 0.1499999999999999 0.9977606113798374
0.3899999999999999 0.20999999999999974 -0.6344607792289583
0.3899999999999999 0.20999999999999974 1.0218005664144199
0.3899999999999999 0.12146146126885343 -0.6900000000000002
0.3899999999999999 0.32999999999999985 -0.5607833803665517
0.3899999999999999 0.32999999999999985 1.045664378052177
0.3899999999999999 0.3899999999999999 -0.5114445751531684
0.3899999999999999 0.3899999999999999 1.0692714050235317
0.3899999999999999 0.3899999999999999 -0.5114445751531684
0.3899999999999999 0.44999999999999996 -0.4584102790644254
0.3899999999999999 0.44999999999999996 1.072624769689689
0.3899999999999999 0.5699999999999998 -0.34285808696413606
0.3899999999999999 0.5699999999999998 1.0425806229299002
0.34071442004761293 0.6899999999999997 -0.27000000000000024
0.3899999999999999 0.6899999999999997 -0.21675252669178238
0.3899999999999999 0.6899999999999997 -0.21675252669178238
0.3179440722045002 0.8099999999999998 -0.15000000000000013
0.3899999999999999 0.8099999999999998 -0.03811465842090308
0.3899999999999999 0.8432351161984402 0.030000000000000027
0.326825100297861 0.9299999999999999 0.09000000000000008
0.3594101274429187 0.9299999999999999 0.1499999999999999
0.3543223884284857 0.9299999999999999 0.8099999999999998
0.3899999999999999 0.7714123444072917 0.9299999999999999
0.34704802296200904 0.9899999999999998 0.6899999999999997
0.4257851589639972 -0.9299999999999999 0.3899999999999999
0.42239922557471915 -0.9299999999999999 0.5699999999999998
0.3899999999999999 -0.9299999999999999 0.23669015044155184
0.3899999999999999 -0.9299999999999999 0.2359936025447994
0.3899999999999999 -0.9299999999999999 0.7112457234448681
0.3899999999999999 -0.9299999999999999 0.7112457234448681
0.46137897335334227 -0.81 0.09000000000000008
0.3899999999999999 -0.9088374815948878 0.1499999999999999
0.44788396308244816 -0.81 0.8099999999999998
0.44788396308244816 -0.81 0.8099999999999998
0.3899999999999999 -0.81 -0.0336260473629894
0.3899999999999999 -0.81 -0.04392081918265074
0.3899999999999999 -0.81 0.9084784409156891
0.44234930763358254 -0.6900000000000002 -0.15000000000000013
0.3899999999999999 -0.6900000000000002 -0.2174744742830991
0.3899999999999999 -0.6900000000000002 -0.2174744742830991
0.3899999999999999 -0.6900000000000002 1.0103550832762742
0.3899999999999999 -0.5700000000000001 -0.3551536275872234
0.3899999999999999 -0.5700000000000001 -0.3455162958545411
0.3899999999999999 -0.44999999999999996 -0.46070870572921685
0.3899999999999999 -0.3900000000000001 1.0669350132846702
0.3899999999999999 -0.27000000000000024 1.0437081038688858
0.3899999999999999 -0.2100000000000002 -0.6399354059834219
0.3899999999999999 -0.2100000000000002 1.0241983372466
0.3899999999999999 -0.15000000000000013 -0.6658458454095013
0.3899999999999999 -0.15000000000000013 1.0040477028400019
0.3899999999999999 -0.09000000000000008 -0.6956143975836645
0.3899999999999999 -0.09000000000000008 0.9845083850163343
0.3899999999999999 0.030000000000000027 0.9694494080091518
0.3899999999999999 0.09000000000000008 -0.6947322129070054
0.3899999999999999 0.09000000000000008 0.9812790658838098
0.3899999999999999 0.1499999999999999 -0.6672867148650611
0.3899999999999999 0.1499999999999999 1.0016091242895588
0.3899999999999999 0.20999999999999974 -0.6351776170910779
0.3899999999999999 0.2699999999999998 1.0414582346888914
0.3899999999999999 0.44999999999999996 -0.46475907779461706
0.3899999999999999 0.5699999999999998 1.048320226376241
0.3899999999999999 0.5699999999999998 -0.3522336475122161
0.3899999999999999 0.6899999999999997 -0.21675252669178238
0.3899999999999999 0.6899999999999997 1.0124328037347659
0.44345289779752434 0.6899999999999997 -0.15000000000000013
0.3899999999999999 0.8099999999999998 -0.03811465842090308
0.3899999999999999 0.8099999999999998 0.9084784409156891
0.4598365114275539 0.8099999999999998 0.09000000000000008
0.448056877997686 0.8099999999999998 0.8099999999999998
0.448056877997686 0.8099999999999998 0.8099999999999998
0.37432380110275826 0.9299999999999999 0.20999999999999974
0.3899999999999999 0.9299999999999999 0.24757699358420035
0.4167017089530889 0.9299999999999999 0.32999999999999985
0.3899999999999999 0.9299999999999999 0.7116013639284617
0.3899999999999999 0.9299999999999999 0.7116013639284617
0.3899999999999999 0.9633188480107294 0.3899999999999999
0.4865028890077241 -0.81 0.20999999999999974
0.5007092589038702 -0.81 0.2699999999999998
0.518859049321841 -0.81 0.32999999999999985
0.5304358049937944 -0.81 0.3899999999999999
0.5309041834909491 -0.81 0.44999999999999996
0.5185055644485687 -0.81 0.5699999999999998
0.5185055644485687 -0.81 0.5699999999999998
0.48316468377495714 -0.81 0.6899999999999997
0.48316468377495714 -0.81 0.6899999999999997
0.44999999999999996 -0.81 0.07825827701471469
0.44999999999999996 -0.81 0.06469242667227884
0.48316468377495714 -0.81 0.6899999999999997
0.44999999999999996 -0.81 0.7938207105761275
0.46842165768296856 -0.6900000000000002 -0.09000000000000008
0.5210225976558329 -0.6900000000000002 0.030000000000000027
0.44999999999999996 -0.6900000000000002 -0.12781251330345084
0.4947129465329918 -0.5700000000000001 -0.2100000000000002
0.44999999999999996 -0.5700000000000001 -0.27867179148091925
0.44999999999999996 -0.5700000000000001 0.9737044468100149
0.44999999999999996 -0.44999999999999996 -0.3973586209582073
0.5315956990044939 -0.44999999999999996 -0.27000000000000024
0.5304903161787548 -0.3900000000000001 -0.3300000000000003
0.44999999999999996 -0.3900000000000001 1.0035299063985539
0.5249642241443314 -0.3300000000000003 -0.3900000000000001
0.44999999999999996 -0.3300000000000003 0.9991453458864532
0.44999999999999996 -0.27000000000000024 -0.5291839273192019
0.44999999999999996 -0.27000000000000024 0.982402070201633
0.44999999999999996 -0.2100000000000002 -0.5680756457877196
0.5383019121997182 -0.2100000000000002 -0.44999999999999996
0.44999999999999996 -0.2100000000000002 0.9683154611833907
0.44999999999999996 -0.2100000000000002 -0.5680756457877196
0.44999999999999996 -0.15000000000000013 -0.6031072954612097
0.44999999999999996 -0.15000000000000013 0.951169876914905
0.44999999999999996 -0.09000000000000008 -0.6204920895811435
0.44999999999999996 -0.09000000000000008 0.9318107241563753
0.44999999999999996 0.030000000000000027 -0.6495398874003682
0.44999999999999996 0.030000000000000027 0.9158881705244701
0.44999999999999996 0.09000000000000008 -0.6183694248097557
0.44999999999999996 0.09000000000000008 0.9310751708398518
0.44999999999999996 0.1499999999999999 0.95186913646916
0.44999999999999996 0.20999999999999974 -0.5650198444597564
0.44999999999999996 0.2699999999999998 0.9806141884932407
0.44999999999999996 0.32999999999999985 -0.4890083637371984
0.44999999999999996 0.3899999999999999 -0.441597487611539
0.44999999999999996 0.3899999999999999 1.0076689106719843
0.5351827126923102 0.3899999999999999 -0.3300000000000003
0.44999999999999996 0.3899999999999999 1.0076689106719843
0.5342624638416443 0.44999999999999996 -0.27000000000000024
0.44999999999999996 0.5699999999999998 -0.27384322260931027
0.44999999999999996 0.5699999999999998 0.9743744678001377
0.4959551051537121 0.5699999999999998 -0.2100000000000002
0.44999999999999996 0.6899999999999997 -0.1256944678596342
0.46882369374219485 0.6899999999999997 -0.09000000000000008
0.5358818445468234 0.6899999999999997 0.030000000000000027
0.44999999999999996 0.8099999999999998 0.08068891919378061
0.4763095734367657 0.8099999999999998 0.1499999999999999
0.48316468377495714 0.8099999999999998 0.6899999999999997
0.44999999999999996 0.8099999999999998 0.7938207105761275
0.4838944648320955 0.8099999999999998 0.20999999999999974
0.5185444053399252 0.8099999999999998 0.32999999999999985
0.522120553424454 0.8099999999999998 0.3899999999999999
0.522120553424454 0.8099999999999998 0.3899999999999999
0.523327573422106 0.8099999999999998 0.44999999999999996
0.5166451814053008 0.8099999999999998 0.5699999999999998
0.5166451814053008 0.8099999999999998 0.5699999999999998
0.48316468377495714 0.8099999999999998 0.6899999999999997
0.48316468377495714 0.8099999999999998 0.6899999999999997
0.5021653841769065 -0.81 0.32999999999999985
0.5019217599355519 -0.81 0.3899999999999999
0.49735666481127694 -0.81 0.5699999999999998
0.55784822727123 -0.6900000000000002 0.1499999999999999
0.5699999999999998 -0.6900000000000002 0.21723552610819646
0.55220402829783 -0.6900000000000002 0.6899999999999997
0.5193512347442902 -0.6900000000000002 0.030000000000000027
0.5398663557313762 -0.6900000000000002 0.09000000000000008
0.55220402829783 -0.6900000000000002 0.6899999999999997
0.5699999999999998 -0.5700000000000001 -0.03758840076497893
0.5699999999999998 -0.5700000000000001 0.7648880333490374
0.545250671827406 -0.5700000000000001 0.8099999999999998
0.48794816056413937 -0.5700000000000001 -0.2100000000000002
0.5198757079849016 -0.5700000000000001 -0.15000000000000013
0.545250671827406 -0.5700000000000001 0.8099999999999998
0.5699999999999998 -0.44999999999999996 -0.1844487403141775
0.5699999999999998 -0.44999999999999996 0.8020849221204596
0.5699999999999998 -0.3900000000000001 -0.2444127403397006
0.49157542773869395 -0.3900000000000001 0.9299999999999999
0.5562589576273776 -0.3300000000000003 -0.3300000000000003
0.5699999999999998 -0.3300000000000003 0.8182688043604573
0.5699999999999998 -0.27000000000000024 -0.3386255333231343
0.492464599474925 -0.27000000000000024 0.9299999999999999
0.5699999999999998 -0.2100000000000002 -0.37581198322011683
0.5280343594889924 -0.2100000000000002 -0.44999999999999996
0.5699999999999998 -0.2100000000000002 0.8028848415064709
0.5535340853866205 -0.15000000000000013 -0.44999999999999996
0.5699999999999998 -0.15000000000000013 0.7876284103716512
0.5699999999999998 -0.09000000000000008 -0.4367108840363456
0.5476315549036556 -0.09000000000000008 0.8099999999999998
0.49392169248365275 0.030000000000000027 -0.5700000000000001
0.5699999999999998 0.09000000000000008 -0.43865261379078985
0.5483629487884758 0.09000000000000008 0.8099999999999998
0.5525066100688828 0.1499999999999999 -0.44999999999999996
0.5699999999999998 0.1499999999999999 0.7891703250755497
0.5255026519387435 0.20999999999999974 -0.44999999999999996
0.5699999999999998 0.20999999999999974 -0.37340819332343944
0.5699999999999998 0.20999999999999974 0.8026425391441682
0.5431223888888838 0.2699999999999998 -0.3900000000000001
0.52333438371568 0.3899999999999999 -0.3300000000000003
0.5699999999999998 0.3899999999999999 -0.2423861795250876
0.5699999999999998 0.3899999999999999 0.8130035203318127
0.5699999999999998 0.3899999999999999 -0.2423861795250876
0.5699999999999998 0.3899999999999999 -0.242200403111052
0.49464963530645417 0.3899999999999999 0.9299999999999999
0.5699999999999998 0.44999999999999996 -0.18308902846838918
0.5699999999999998 0.44999999999999996 -0.18308902846838918
0.5699999999999998 0.44999999999999996 0.8009622286109422
0.4874801400343429 0.5699999999999998 -0.2100000000000002
0.5211012250167611 0.5699999999999998 -0.15000000000000013
0.5472748523504596 0.5699999999999998 0.8099999999999998
0.5699999999999998 0.5699999999999998 0.7696813413216186
0.5472748523504596 0.5699999999999998 0.8099999999999998
0.5224823956515962 0.6899999999999997 0.030000000000000027
0.5400950861319348 0.6899999999999997 0.09000000000000008
0.5529402248280617 0.6899999999999997 0.6899999999999997
0.5571796411960507 0.6899999999999997 0.1499999999999999
0.5699999999999998 0.6899999999999997 0.22299072472673767
0.5699999999999998 0.6899999999999997 0.1968730882630751
0.5529402248280617 0.6899999999999997 0.6899999999999997
0.5036955582045908 0.8099999999999998 0.3899999999999999
0.5799964803515795 -0.6900000000000002 0.32999999999999985
0.5780503807132753 -0.6900000000000002 0.3899999999999999
0.5780503807132753 -0.6900000000000002 0.3899999999999999
0.5731752532866163 -0.6900000000000002 0.5699999999999998
0.6053094967582616 -0.5700000000000001 0.09000000000000008
0.6181126024029172 -0.5700000000000001 0.1499999999999999
0.6341513431332833 -0.5700000000000001 0.20999999999999974
0.6214936218292703 -0.5700000000000001 0.5699999999999998
0.6214936218292703 -0.5700000000000001 0.5699999999999998
0.5699999999999998 -0.5700000000000001 -0.03880123793793823
0.5837429552442176 -0.5700000000000001 0.6899999999999997
0.5839627802529009 -0.44999999999999996 -0.15000000000000013
0.611847328205294 -0.44999999999999996 0.6899999999999997
0.611847328205294 -0.44999999999999996 0.6899999999999997
0.5847103095905577 -0.3900000000000001 -0.2100000000000002
0.6106707810454821 -0.3900000000000001 -0.15000000000000013
0.6242870440536259 -0.3900000000000001 0.6899999999999997
0.5699999999999998 -0.3900000000000001 0.8162872017216657
0.6102786560968518 -0.3300000000000003 -0.2100000000000002
0.6102786560968518 -0.3300000000000003 -0.2100000000000002
0.6301417670382592 -0.3300000000000003 0.6899999999999997
0.5699999999999998 -0.3300000000000003 0.8182688043604573
0.630166157307886 -0.27000000000000024 -0.2100000000000002
0.6305057994327332 -0.27000000000000024 0.6899999999999997
0.6166943899773519 -0.2100000000000002 -0.27000000000000024
0.6315018380170204 -0.2100000000000002 0.6899999999999997
0.5699999999999998 -0.2100000000000002 -0.3787482709027954
0.6166943899773519 -0.2100000000000002 -0.27000000000000024
0.6105517984639982 -0.15000000000000013 -0.3300000000000003
0.6306715191311978 -0.15000000000000013 0.6899999999999997
0.5699999999999998 -0.09000000000000008 -0.4323514431188277
0.6247061943230606 -0.09000000000000008 -0.3300000000000003
0.6298650936817768 -0.09000000000000008 0.6899999999999997
0.5699999999999998 0.030000000000000027 -0.44669079110992527
0.6282244611372206 0.09000000000000008 -0.3300000000000003
0.6269744072787562 0.09000000000000008 0.6899999999999997
0.6145019690937278 0.1499999999999999 -0.3300000000000003
0.6277812998798955 0.1499999999999999 0.6899999999999997
0.5699999999999998 0.20999999999999974 -0.37452667212881147
0.6323298238861832 0.20999999999999974 0.6899999999999997
0.5699999999999998 0.20999999999999974 0.8026425391441682
0.5699999999999998 0.2699999999999998 -0.32269760528958863
0.5699999999999998 0.2699999999999998 0.8111245620290554
0.5699999999999998 0.32999999999999985 -0.2952830862868674
0.5699999999999998 0.3899999999999999 -0.242200403111052
0.5852904809675206 0.3899999999999999 -0.2100000000000002
0.6248847503335586 0.3899999999999999 0.6899999999999997
0.5699999999999998 0.3899999999999999 0.8130035203318127
0.5852904809675206 0.3899999999999999 -0.2100000000000002
0.6122153638089647 0.3899999999999999 -0.15000000000000013
0.6248847503335586 0.3899999999999999 0.6899999999999997
0.5831410335348173 0.44999999999999996 -0.15000000000000013
0.6086820392880744 0.44999999999999996 -0.09000000000000008
0.6122825822112027 0.44999999999999996 0.6899999999999997
0.5699999999999998 0.5699999999999998 -0.030001426226213372
0.5984306323457584 0.5699999999999998 0.09000000000000008
0.5848389953977922 0.5699999999999998 0.6899999999999997
0.6139123491747405 0.5699999999999998 0.1499999999999999
0.6301969085691019 0.5699999999999998 0.20999999999999974
0.6333266128728237 0.5699999999999998 0.2699999999999998
0.6249304531010513 0.5699999999999998 0.5699999999999998
0.5699999999999998 0.6899999999999997 0.1968730882630751
0.5779545101771664 0.6899999999999997 0.3899999999999999
0.5762546219059287 0.6899999999999997 0.44999999999999996
0.573677104243173 0.6899999999999997 0.5699999999999998
0.6250574349638244 -0.5700000000000001 0.32999999999999985
0.65914824724356 -0.44999999999999996 0.1499999999999999
0.664708579713451 -0.44999999999999996 0.20999999999999974
0.6718076549989874 -0.44999999999999996 0.2699999999999998
0.6742809091339734 -0.44999999999999996 0.32999999999999985
0.6690068722128797 -0.44999999999999996 0.3899999999999999
0.6690068722128797 -0.44999999999999996 0.3899999999999999
0.6644454853523923 -0.44999999999999996 0.44999999999999996
0.637079821830068 -0.44999999999999996 0.5699999999999998
0.6513088610978915 -0.3900000000000001 0.030000000000000027
0.6684244466921924 -0.3900000000000001 0.09000000000000008
0.6785292213581757 -0.3900000000000001 0.1499999999999999
0.6822788515663182 -0.3900000000000001 0.20999999999999974
0.6837081018218045 -0.3900000000000001 0.2699999999999998
0.6514472707425523 -0.3900000000000001 0.5699999999999998
0.6430570019735496 -0.3300000000000003 -0.09000000000000008
0.6726812274071806 -0.3300000000000003 0.030000000000000027
0.6832061687713784 -0.3300000000000003 0.09000000000000008
0.6837502424022305 -0.3300000000000003 0.44999999999999996
0.6899999999999997 -0.3300000000000003 0.491742383358569
0.6615206164300956 -0.3300000000000003 0.5699999999999998
0.6899999999999997 -0.27000000000000024 -0.006425673829375832
0.6899999999999997 -0.27000000000000024 0.059859604483897946
0.6616951332670955 -0.27000000000000024 0.5699999999999998
0.633851142800439 -0.2100000000000002 -0.2100000000000002
0.6899999999999997 -0.2100000000000002 -0.07036227967282734
0.6899999999999997 -0.2100000000000002 -0.0178388283631281
0.6899999999999997 -0.2100000000000002 0.49990504871257924
0.6642327733144231 -0.2100000000000002 0.5699999999999998
0.633851142800439 -0.2100000000000002 -0.2100000000000002
0.6899999999999997 -0.2100000000000002 -0.07036227967282734
0.6642327733144231 -0.2100000000000002 0.5699999999999998
0.6476880869155567 -0.15000000000000013 -0.2100000000000002
0.6476880869155567 -0.15000000000000013 -0.2100000000000002
0.6899999999999997 -0.15000000000000013 0.5037496541673612
0.6627001803359029 -0.15000000000000013 0.5699999999999998
0.6595136338269613 -0.09000000000000008 -0.2100000000000002
0.6899999999999997 -0.09000000000000008 -0.12635916202685638
0.6628191931113653 -0.09000000000000008 0.5699999999999998
0.6611442278834103 0.030000000000000027 -0.2100000000000002
0.6899999999999997 0.030000000000000027 -0.13722732926007927
0.6594129513404402 0.09000000000000008 -0.2100000000000002
0.6899999999999997 0.09000000000000008 -0.12689933200104875
0.6899999999999997 0.09000000000000008 0.49084956727572543
0.66333657110103 0.09000000000000008 0.5699999999999998
0.649373926488679 0.1499999999999999 -0.2100000000000002
0.649373926488679 0.1499999999999999 -0.2100000000000002
0.6899999999999997 0.1499999999999999 0.5042369806042717
0.6658608810360311 0.1499999999999999 0.5699999999999998
0.6314813787556011 0.20999999999999974 -0.2100000000000002
0.6899999999999997 0.20999999999999974 -0.07620611849149382
0.6647619319357775 0.20999999999999974 0.5699999999999998
0.6431765379478604 0.2699999999999998 -0.15000000000000013
0.6899999999999997 0.2699999999999998 -0.009150977560632212
0.6899999999999997 0.2699999999999998 0.4865141581126739
0.6586662397205837 0.2699999999999998 0.5699999999999998
0.6458053131873092 0.32999999999999985 -0.09000000000000008
0.6725563074250613 0.32999999999999985 0.030000000000000027
0.6899999999999997 0.32999999999999985 0.48629134582412353
0.6605557935473599 0.32999999999999985 0.5699999999999998
0.6226098689412556 0.3899999999999999 -0.09000000000000008
0.6516318339878958 0.3899999999999999 0.030000000000000027
0.6691314620323915 0.3899999999999999 0.09000000000000008
0.6770486649728998 0.3899999999999999 0.44999999999999996
0.6533457516316443 0.3899999999999999 0.5699999999999998
0.6691314620323915 0.3899999999999999 0.09000000000000008
0.6780678800831252 0.3899999999999999 0.1499999999999999
0.6811613300040877 0.3899999999999999 0.20999999999999974
0.6824313896282101 0.3899999999999999 0.2699999999999998
0.6826922928970518 0.3899999999999999 0.32999999999999985
0.6809325788769065 0.3899999999999999 0.3899999999999999
0.6533457516316443 0.3899999999999999 0.5699999999999998
0.6584393721591014 0.44999999999999996 0.1499999999999999
0.6616193870120053 0.44999999999999996 0.20999999999999974
0.6671064531763123 0.44999999999999996 0.2699999999999998
0.6733807127081226 0.44999999999999996 0.32999999999999985
0.6698745851201003 0.44999999999999996 0.3899999999999999
0.6698745851201003 0.44999999999999996 0.3899999999999999
0.6630320322470454 0.44999999999999996 0.44999999999999996
0.6366597449892216 0.44999999999999996 0.5699999999999998
0.6253001273961144 0.5699999999999998 0.3899999999999999
0.7052175176445343 -0.2100000000000002 0.2699999999999998
0.7001767253761569 -0.2100000000000002 0.09000000000000008
0.7042354745107603 -0.2100000000000002 0.1499999999999999
0.7057146685361539 -0.2100000000000002 0.20999999999999974
0.7052175176445343 -0.2100000000000002 0.2699999999999998
0.701652825467994 -0.2100000000000002 0.32999999999999985
0.6974930066809959 -0.2100000000000002 0.3899999999999999
0.6982792842392814 -0.15000000000000013 0.030000000000000027
0.7071363078025876 -0.15000000000000013 0.1499999999999999
0.707906461043027 -0.15000000000000013 0.20999999999999974
0.7077767504460064 -0.15000000000000013 0.2699999999999998
0.7058443316904676 -0.15000000000000013 0.32999999999999985
0.7000963932127314 -0.15000000000000013 0.3899999999999999
0.7021625753603966 -0.09000000000000008 0.030000000000000027
0.703918925686106 -0.09000000000000008 0.09000000000000008
0.705739569133825 -0.09000000000000008 0.1499999999999999
0.7072230876936709 -0.09000000000000008 0.32999999999999985
0.7009599125416595 -0.09000000000000008 0.3899999999999999
0.7035986419236153 0.030000000000000027 0.030000000000000027
0.7067570635116573 0.030000000000000027 0.09000000000000008
0.7036629838000235 0.030000000000000027 0.1499999999999999
0.7086365259670474 0.030000000000000027 0.2699999999999998
0.704587086010484 0.030000000000000027 0.32999999999999985
0.6899999999999997 0.09000000000000008 -0.09220095503256943
0.7008482186335533 0.09000000000000008 0.030000000000000027
0.7067638644834935 0.09000000000000008 0.09000000000000008
0.7094628689343125 0.09000000000000008 0.1499999999999999
0.7101432480701524 0.09000000000000008 0.20999999999999974
0.7089790837581257 0.09000000000000008 0.2699999999999998
0.7044508891134867 0.09000000000000008 0.32999999999999985
0.6999204504988821 0.09000000000000008 0.3899999999999999
0.7041401251499773 0.1499999999999999 0.09000000000000008
0.7074023619847996 0.1499999999999999 0.1499999999999999
0.7096666985797865 0.1499999999999999 0.20999999999999974
0.7091435162169649 0.1499999999999999 0.2699999999999998
0.704436467363003 0.1499999999999999 0.32999999999999985
0.7029889659000834 0.20999999999999974 0.1499999999999999
0.7054042967435099 0.20999999999999974 0.20999999999999974
0.705535405176699 0.20999999999999974 0.2699999999999998
0.7029996470517251 0.20999999999999974 0.32999999999999985
0.6974287265747517 0.20999999999999974 0.3899999999999999
0.7003112519969086 0.2699999999999998 0.20999999999999974
0.7002811886289728 0.2699999999999998 0.2699999999999998
